27
30
0
14
0
44
44
25
14
39
18
35
0
12
28
18
26
28
4
19
8
8
38
26
32
16
58
74
88
50
40
71
61
39
60
65
63
39
79
43
60
57
29
49
97
56
72
74
73
52
36
77
66
65
71
47
80
82
83
45
40
93
94
33
62
78
19
37
79
59
48
51
79
69
34
64
82
60
51
51
35
37
41
54
50
79
55
44
43
83
76
53
22
59
71
39
56
55
94
82
51
64
90
85
87
87
60
56
75
84
86
64
67
37
67
51
42
24
32
35
51
52
56
63
53
69
56
48
77
69
77