24
0
0
20
0
49
2
13
35
30
40
18
0
29
0
27
34
0
0
38
40
20
19
46
19
42
53
84
56
50
38
52
60
42
72
59
70
77
58
48
38
47
57
46
59
46
68
73
54
62
51
76
82
43
76
51
53
83
56
59
53
58
83
59
37
42
32
44
89
30
50
51
70
35
89
65
84
60
63
63
86
39
36
46
50
77
31
55
49
85
65
65
67
75
58
40
56
63
74
69
64
85
78
28
72
65
74
19
16
53
64
22
55
68
57
42
40
81
66
50
28
53
14
48
57
74
64
59
66
43
76